Nazwisko	Imie	Osiagniecia	Zachowanie	JP	Mat	Biol	Geog	GHP	GHH	GMM	GMP	GJP	osiagniecia	zachowanie	jp	mat	biol	geo	ghp	ghh	gmm	gmp	gjp	srednia	ile pkt
Swistek	Damian	0	4	4	5	6	6	62	13	26	67	62	0	0	6	8	10	10	6,2	1,3	2,6	6,7	6,2	5,25	57
Kowalik	Mateusz	7	4	4	2	5	6	90	8	21	52	33	7	0	6	0	8	10	9	0,8	2,1	5,2	3,3	4,25	51,4
Hintzke	Nikola	7	4	4	6	6	5	96	99	16	85	65	7	0	6	10	10	8	9,6	9,9	1,6	8,5	6,5	5,25	77,1
Grzelecki	Oliwier	8	6	4	4	3	5	17	100	100	100	31	8	2	6	6	4	8	1,7	10	10	10	3,1	4	68,8
Hinz	Nikola	5	4	2	4	5	4	20	28	58	86	48	5	0	0	6	8	6	2	2,8	5,8	8,6	4,8	3,75	49
Wasiluk	Bartlomiej	7	3	2	2	2	3	77	10	11	72	78	7	0	0	0	0	4	7,7	1	1,1	7,2	7,8	2,25	35,8
Wasilewski	Bartlomiej	8	6	6	5	5	2	75	25	5	3	58	8	2	10	8	8	0	7,5	2,5	0,5	0,3	5,8	4,5	52,6
Silakowski	Henryk	6	6	2	5	5	3	12	17	14	4	3	6	2	0	8	8	4	1,2	1,7	1,4	0,4	0,3	3,75	33
Kaftan	Monika	1	6	6	2	3	6	1	3	69	89	10	1	2	10	0	4	10	0,1	0,3	6,9	8,9	1	4,25	44,2
Pettka	Jan	0	5	3	6	6	4	28	53	38	63	70	0	0	4	10	10	6	2,8	5,3	3,8	6,3	7	4,75	55,2
Zygmunt	Adam	4	3	3	6	6	2	77	8	71	88	41	4	0	4	10	10	0	7,7	0,8	7,1	8,8	4,1	4,25	56,5
Lukasik	Magdalena	4	6	5	6	3	6	83	27	79	20	43	4	2	8	10	4	10	8,3	2,7	7,9	2	4,3	5	63,2
Hanczarek	Olivier	1	3	6	3	3	2	16	43	92	54	27	1	0	10	4	4	0	1,6	4,3	9,2	5,4	2,7	3,5	42,2
Samulczyk	Julia	6	6	5	3	2	6	11	36	4	41	62	6	2	8	4	0	10	1,1	3,6	0,4	4,1	6,2	4	45,4
Rutkiewicz	Julia	5	2	4	2	3	5	80	75	60	54	69	5	0	6	0	4	8	8	7,5	6	5,4	6,9	3,5	56,8
Bialaszewski	Piotr	8	6	4	3	4	5	22	46	36	35	91	8	2	6	4	6	8	2,2	4,6	3,6	3,5	9,1	4	57
Berezniewicz	Wiktor	2	5	3	5	6	3	47	30	2	45	76	2	0	4	8	10	4	4,7	3	0,2	4,5	7,6	4,25	48
Sobol	Filip	8	4	3	4	6	2	23	49	16	3	81	8	0	4	6	10	0	2,3	4,9	1,6	0,3	8,1	3,75	45,2
Kowalczyk	Mateusz	1	6	6	6	3	2	14	20	14	64	55	1	2	10	10	4	0	1,4	2	1,4	6,4	5,5	4,25	43,7
Senger	Joanna	5	4	3	3	3	6	98	48	6	70	6	5	0	4	4	4	10	9,8	4,8	0,6	7	0,6	3,75	49,8
Sadowska	Julia	3	3	2	3	3	2	38	71	35	95	84	3	0	0	4	4	0	3,8	7,1	3,5	9,5	8,4	2,5	43,3
Wojcicki	Aleks	7	4	6	4	6	5	95	100	100	40	100	7	0	10	6	10	8	9,5	10	10	4	10	5,25	84,5
Szczepkowski	Dorian	7	2	4	5	3	4	59	14	99	4	3	7	0	6	8	4	6	5,9	1,4	9,9	0,4	0,3	4	48,9
Stanislawska	Hanna	3	3	5	5	2	6	26	14	18	96	41	3	0	8	8	0	10	2,6	1,4	1,8	9,6	4,1	4,5	48,5
Salanowska	Julia	8	6	3	4	2	4	8	78	64	10	55	8	2	4	6	0	6	0,8	7,8	6,4	1	5,5	3,25	47,5
Skrzydlak	Izabela	3	5	2	4	3	6	41	37	5	34	93	3	0	0	6	4	10	4,1	3,7	0,5	3,4	9,3	3,75	44
Koszlaga	Mateusz	4	6	4	3	2	3	60	7	97	80	43	4	2	6	4	0	4	6	0,7	9,7	8	4,3	3	48,7
Glowinska	Patrycja	1	4	5	4	2	5	53	18	94	99	76	1	0	8	6	0	8	5,3	1,8	9,4	9,9	7,6	4	57
Sautycz	Julia	5	3	3	4	6	6	84	87	96	8	17	5	0	4	6	10	10	8,4	8,7	9,6	0,8	1,7	4,75	64,2
Kowalczuk	Maria	2	3	5	2	2	5	6	43	53	71	3	2	0	8	0	0	8	0,6	4,3	5,3	7,1	0,3	3,5	35,6
Sochacka	Inka	0	2	6	5	6	3	89	40	28	32	47	0	0	10	8	10	4	8,9	4	2,8	3,2	4,7	5	55,6
Filarska	Sandra	0	5	6	4	4	2	22	9	1	76	28	0	0	10	6	6	0	2,2	0,9	0,1	7,6	2,8	4	35,6
Przestrzelski	Jakub	6	3	2	2	2	4	82	95	8	46	76	6	0	0	0	0	6	8,2	9,5	0,8	4,6	7,6	2,5	42,7
Labuda	Marcel	7	3	2	4	4	2	67	26	50	90	34	7	0	0	6	6	0	6,7	2,6	5	9	3,4	3	45,7
Broukin	Zofia	2	2	6	5	4	5	34	59	59	7	1	2	0	10	8	6	8	3,4	5,9	5,9	0,7	0,1	5	50
Kozlowska	Malgorzata	4	6	5	5	6	4	56	75	51	47	71	4	2	8	8	10	6	5,6	7,5	5,1	4,7	7,1	5	68
Jakubowski	Nikodem	6	4	5	5	5	4	70	71	27	77	13	6	0	8	8	8	6	7	7,1	2,7	7,7	1,3	4,75	61,8
Sarnowski	Ignacy	2	2	4	4	4	6	30	55	59	77	58	2	0	6	6	6	10	3	5,5	5,9	7,7	5,8	4,5	57,9
Riegel	Julia	5	6	6	6	5	5	57	22	16	20	67	5	2	10	10	8	8	5,7	2,2	1,6	2	6,7	5,5	61,2
Wierzbicki	Antoni	6	2	5	3	3	6	67	98	28	6	20	6	0	8	4	4	10	6,7	9,8	2,8	0,6	2	4,25	53,9
Sachse	Julia	7	4	6	4	3	3	12	86	61	94	74	7	0	10	6	4	4	1,2	8,6	6,1	9,4	7,4	4	63,7
Kowalczyk	Mateusz	0	3	4	3	5	2	82	70	18	28	34	0	0	6	4	8	0	8,2	7	1,8	2,8	3,4	3,5	41,2
Jurewicz	Nadia	8	5	4	6	2	6	32	88	15	45	24	8	0	6	10	0	10	3,2	8,8	1,5	4,5	2,4	4,5	54,4
Steinborn	Hanna	2	2	5	5	2	2	65	87	53	98	50	2	0	8	8	0	0	6,5	8,7	5,3	9,8	5	3,5	53,3
Siminski	Henryk	3	2	3	3	6	6	10	21	35	98	21	3	0	4	4	10	10	1	2,1	3,5	9,8	2,1	4,5	49,5
Machalski	Maciej	2	3	6	3	6	3	53	50	16	44	8	2	0	10	4	10	4	5,3	5	1,6	4,4	0,8	4,5	47,1
Porydzaj	Jakub	1	5	3	6	4	4	38	43	49	89	16	1	0	4	10	6	6	3,8	4,3	4,9	8,9	1,6	4,25	50,5
Spanowski	Filip	6	6	4	6	5	3	99	95	48	16	11	6	2	6	10	8	4	9,9	9,5	4,8	1,6	1,1	4,5	62,9
Zmurko	Adam	6	5	6	5	6	3	78	22	95	18	15	6	0	10	8	10	4	7,8	2,2	9,5	1,8	1,5	5	60,8
Sibiga	Joanna	6	3	3	6	4	5	25	73	78	61	29	6	0	4	10	6	8	2,5	7,3	7,8	6,1	2,9	4,5	60,6
Makowska	Luiza	6	5	5	6	2	4	65	66	87	5	65	6	0	8	10	0	6	6,5	6,6	8,7	0,5	6,5	4,25	58,8
Machol	Maciej	8	2	2	3	4	3	18	83	86	67	90	8	0	0	4	6	4	1,8	8,3	8,6	6,7	9	3	56,4
Szmitko	Dominik	0	3	4	6	4	4	41	88	4	24	37	0	0	6	10	6	6	4,1	8,8	0,4	2,4	3,7	4,5	47,4
Leman	Maja	7	3	4	4	5	6	54	42	82	99	81	7	0	6	6	8	10	5,4	4,2	8,2	9,9	8,1	4,75	72,8
Rembisz	Jakub	3	6	5	2	4	6	51	96	78	72	39	3	2	8	0	6	10	5,1	9,6	7,8	7,2	3,9	4,25	62,6
Stankiewicz	Hanna	8	6	2	2	6	6	86	67	94	38	45	8	2	0	0	10	10	8,6	6,7	9,4	3,8	4,5	4	63
Zurek	Adam	7	5	6	4	6	5	15	79	11	20	58	7	0	10	6	10	8	1,5	7,9	1,1	2	5,8	5,25	59,3
Reczmin	Jakub	3	6	3	5	5	2	49	99	78	70	60	3	2	4	8	8	0	4,9	9,9	7,8	7	6	3,75	60,6
Swierszcz	Cyprian	3	6	3	5	4	2	94	27	20	13	49	3	2	4	8	6	0	9,4	2,7	2	1,3	4,9	3,5	43,3
Wizniewski	Antoni	8	4	5	6	6	2	94	99	87	99	62	8	0	8	10	10	0	9,4	9,9	8,7	9,9	6,2	4,75	80,1
Perez 	Karolina	8	2	4	5	2	4	20	78	54	34	95	8	0	6	8	0	6	2	7,8	5,4	3,4	9,5	3,75	56,1
Adamiak	Zofia	5	2	4	5	5	3	39	16	8	66	29	5	0	6	8	8	4	3,9	1,6	0,8	6,6	2,9	4,25	46,8
Zylinska	Adelajda	0	6	3	5	4	2	77	80	92	43	100	0	2	4	8	6	0	7,7	8	9,2	4,3	10	3,5	59,2
Kulkowska	Maja	1	4	6	3	4	2	70	39	65	57	90	1	0	10	4	6	0	7	3,9	6,5	5,7	9	3,75	53,1
Dzierzak	Piotr	0	4	5	4	6	2	4	85	83	10	33	0	0	8	6	10	0	0,4	8,5	8,3	1	3,3	4,25	45,5
Engel	Urszula	8	5	5	4	3	3	80	91	16	12	73	8	0	8	6	4	4	8	9,1	1,6	1,2	7,3	3,75	57,2
Yuksek	Adrian	6	6	2	3	6	5	27	6	19	61	63	6	2	0	4	10	8	2,7	0,6	1,9	6,1	6,3	4	47,6
Zdrojewska	Agata	0	5	5	3	2	6	26	23	48	73	63	0	0	8	4	0	10	2,6	2,3	4,8	7,3	6,3	4	45,3
Zgadzaj	Agata	8	3	5	5	6	3	28	69	99	45	61	8	0	8	8	10	4	2,8	6,9	9,9	4,5	6,1	4,75	68,2
Zawisza	Adrian	1	2	3	2	3	6	51	14	33	28	43	1	0	4	0	4	10	5,1	1,4	3,3	2,8	4,3	3,5	35,9
Duszota	Piotr	3	5	6	5	2	5	73	84	48	36	4	3	0	10	8	0	8	7,3	8,4	4,8	3,6	0,4	4,5	53,5
Nowak	Kacper	4	4	5	5	3	6	44	16	68	55	66	4	0	8	8	4	10	4,4	1,6	6,8	5,5	6,6	4,75	58,9
Lyszcz	Maciej	2	6	6	3	6	2	71	95	90	50	91	2	2	10	4	10	0	7,1	9,5	9	5	9,1	4,25	67,7
Strack	Filip	5	5	2	6	2	2	90	88	73	83	51	5	0	0	10	0	0	9	8,8	7,3	8,3	5,1	3	53,5
Mazurkiewicz	Lena	1	5	2	2	3	5	11	24	35	70	6	1	0	0	0	4	8	1,1	2,4	3,5	7	0,6	3	27,6
Potocki	Jakub	5	2	2	6	5	6	44	43	19	86	18	5	0	0	10	8	10	4,4	4,3	1,9	8,6	1,8	4,75	54
Furmaniak	Pawel	2	5	4	3	6	6	15	69	48	14	32	2	0	6	4	10	10	1,5	6,9	4,8	1,4	3,2	4,75	49,8
Strupiechowski	Filip	6	3	4	5	3	4	38	48	3	38	91	6	0	6	8	4	6	3,8	4,8	0,3	3,8	9,1	4	51,8
Reclaw	Julia	3	6	3	6	3	5	66	42	40	91	74	3	2	4	10	4	8	6,6	4,2	4	9,1	7,4	4,25	62,3
Tomaszewski	Bruno	7	4	2	4	6	5	28	1	36	63	49	7	0	0	6	10	8	2,8	0,1	3,6	6,3	4,9	4,25	48,7
Szczepanska	Emilia	0	6	5	6	5	6	12	20	10	73	68	0	2	8	10	8	10	1,2	2	1	7,3	6,8	5,5	56,3
Spychala	Filip	4	5	4	2	3	4	21	58	66	93	89	4	0	6	0	4	6	2,1	5,8	6,6	9,3	8,9	3,25	52,7
Szczucki	Dominik	0	2	2	4	3	3	3	25	93	92	73	0	0	0	6	4	4	0,3	2,5	9,3	9,2	7,3	3	42,6
Marzec	Lena	4	4	2	6	5	2	81	5	60	2	91	4	0	0	10	8	0	8,1	0,5	6	0,2	9,1	3,75	45,9
Rembiewski	Jakub	1	4	6	4	3	6	100	100	100	36	10	1	0	10	6	4	10	10	10	10	3,6	1	4,75	65,6
Geszczynski	Patryk	2	3	3	5	6	6	32	27	15	59	26	2	0	4	8	10	10	3,2	2,7	1,5	5,9	2,6	5	49,9
Wamka	Anastazja	3	5	2	6	3	3	95	15	44	29	14	3	0	0	10	4	4	9,5	1,5	4,4	2,9	1,4	3,5	40,7
Bialkowska	Monika	2	4	2	6	4	4	84	95	31	8	54	2	0	0	10	6	6	8,4	9,5	3,1	0,8	5,4	4	51,2
Kulakowski	Marcjusz	5	2	3	4	3	6	30	24	66	41	82	5	0	4	6	4	10	3	2,4	6,6	4,1	8,2	4	53,3
Przytula	Jakub	1	3	6	4	6	2	30	35	100	100	100	1	0	10	6	10	0	3	3,5	10	10	10	4,5	63,5
Bsk	Arleta	1	5	4	2	5	6	54	50	9	59	54	1	0	6	0	8	10	5,4	5	0,9	5,9	5,4	4,25	47,6
Derek	Stanislaw	6	2	3	5	4	4	50	30	14	20	88	6	0	4	8	6	6	5	3	1,4	2	8,8	4	50,2
Felisiak	Sofie	6	3	6	5	4	5	62	47	19	10	40	6	0	10	8	6	8	6,2	4,7	1,9	1	4	5	55,8
Lupa	Maksymilian	0	3	6	3	5	6	12	60	63	37	71	0	0	10	4	8	10	1,2	6	6,3	3,7	7,1	5	56,3
Wojciechowska	Alicja	2	3	2	2	3	2	56	63	26	92	13	2	0	0	0	4	0	5,6	6,3	2,6	9,2	1,3	2,25	31
Pieterson	Jan	5	5	6	6	5	6	45	97	5	73	12	5	0	10	10	8	10	4,5	9,7	0,5	7,3	1,2	5,75	66,2
Hrywniak	Olaf	2	4	5	2	4	6	96	60	4	45	21	2	0	8	0	6	10	9,6	6	0,4	4,5	2,1	4,25	48,6
Ciosinski	Jacek	7	3	3	6	5	5	57	31	22	59	61	7	0	4	10	8	8	5,7	3,1	2,2	5,9	6,1	4,75	60
Helinska	Nikola	5	6	4	2	5	5	18	86	25	29	9	5	2	6	0	8	8	1,8	8,6	2,5	2,9	0,9	4	45,7
Frankowska	Roksana	5	4	6	2	5	4	93	47	47	34	39	5	0	10	0	8	6	9,3	4,7	4,7	3,4	3,9	4,25	55
Brydzinski	Mariusz	3	6	2	3	2	6	89	30	43	25	1	3	2	0	4	0	10	8,9	3	4,3	2,5	0,1	3,25	37,8
Mrozik	Lena	6	2	3	2	3	6	67	74	49	43	52	6	0	4	0	4	10	6,7	7,4	4,9	4,3	5,2	3,5	52,5
Klein	Michalina	8	3	2	6	5	3	41	29	52	81	26	8	0	0	10	8	4	4,1	2,9	5,2	8,1	2,6	4	52,9
Strehlke	Filip	8	2	4	3	5	4	32	83	14	77	71	8	0	6	4	8	6	3,2	8,3	1,4	7,7	7,1	4	59,7
Ciesielska	Wiktoria	6	5	2	6	6	4	48	39	45	39	59	6	0	0	10	10	6	4,8	3,9	4,5	3,9	5,9	4,5	55
Wydrzynski	Adrian	1	3	2	3	5	2	11	23	92	50	36	1	0	0	4	8	0	1,1	2,3	9,2	5	3,6	3	34,2
Beniuszys	Mikolaj	0	5	3	5	2	5	20	51	64	67	72	0	0	4	8	0	8	2	5,1	6,4	6,7	7,2	3,75	47,4
Witkowski	Andrea	7	4	6	2	5	5	90	9	61	28	92	7	0	10	0	8	8	9	0,9	6,1	2,8	9,2	4,5	61
Dsbrowski	Stanislaw	4	2	6	6	6	4	91	63	88	68	75	4	0	10	10	10	6	9,1	6,3	8,8	6,8	7,5	5,5	78,5
Procinska	Julianna	3	3	4	5	6	3	59	13	14	22	96	3	0	6	8	10	4	5,9	1,3	1,4	2,2	9,6	4,5	51,4
Radziszewski	Jakub	1	3	3	4	3	4	7	13	73	73	78	1	0	4	6	4	6	0,7	1,3	7,3	7,3	7,8	3,5	45,4
Kolodziejczyk	Marta	7	3	6	2	4	6	39	69	10	10	91	7	0	10	0	6	10	3,9	6,9	1	1	9,1	4,5	54,9
Radomski	Jakub	5	6	4	3	5	2	18	29	18	5	64	5	2	6	4	8	0	1,8	2,9	1,8	0,5	6,4	3,5	38,4
Lange	Maja	3	3	3	6	2	2	80	5	4	59	5	3	0	4	10	0	0	8	0,5	0,4	5,9	0,5	3,25	32,3
Kornatowski	Mateusz	2	4	6	3	6	6	72	51	1	33	91	2	0	10	4	10	10	7,2	5,1	0,1	3,3	9,1	5,25	60,8
Pistek	Jan	1	4	4	3	3	6	25	23	20	93	78	1	0	6	4	4	10	2,5	2,3	2	9,3	7,8	4	48,9
Bialkowska	Kamila	4	5	5	3	5	2	79	53	97	34	92	4	0	8	4	8	0	7,9	5,3	9,7	3,4	9,2	3,75	59,5
Jurczyk	Nadia	4	2	6	4	3	2	13	81	58	45	11	4	0	10	6	4	0	1,3	8,1	5,8	4,5	1,1	3,75	44,8
Cieslik	Stanislaw	5	2	3	3	2	6	93	31	9	50	41	5	0	4	4	0	10	9,3	3,1	0,9	5	4,1	3,5	45,4
Trzebiatowska	Anna	2	2	2	2	2	2	10	93	88	23	43	2	0	0	0	0	0	1	9,3	8,8	2,3	4,3	2	27,7
Kluziak	Matylda	0	3	3	2	3	6	7	69	31	13	61	0	0	4	0	4	10	0,7	6,9	3,1	1,3	6,1	3,5	36,1
Mierzejewski	Kornel	5	3	2	2	4	6	24	79	99	6	89	5	0	0	0	6	10	2,4	7,9	9,9	0,6	8,9	3,5	50,7
Szreder	Dawid	7	2	2	4	4	6	57	11	80	27	21	7	0	0	6	6	10	5,7	1,1	8	2,7	2,1	4	48,6
Rybinski	Igor	7	6	6	2	2	4	2	65	47	64	89	7	2	10	0	0	6	0,2	6,5	4,7	6,4	8,9	3,5	51,7
Burza	Stanislaw	6	4	5	3	6	2	46	75	6	45	9	6	0	8	4	10	0	4,6	7,5	0,6	4,5	0,9	4	46,1
Wojcik	Aleks	8	3	6	4	5	2	8	35	65	30	5	8	0	10	6	8	0	0,8	3,5	6,5	3	0,5	4,25	46,3
Pawelec	Jan	3	6	6	3	4	5	35	1	100	65	86	3	2	10	4	6	8	3,5	0,1	10	6,5	8,6	4,5	61,7
Micun	Krzysztof	8	3	2	3	5	5	31	75	10	37	48	8	0	0	4	8	8	3,1	7,5	1	3,7	4,8	3,75	48,1
Jablonski	Nikodem	4	3	4	2	5	6	53	74	66	37	55	4	0	6	0	8	10	5,3	7,4	6,6	3,7	5,5	4,25	56,5
Kwidczynska	Maja	4	6	5	3	4	4	43	49	12	36	87	4	2	8	4	6	6	4,3	4,9	1,2	3,6	8,7	4	52,7
Leoniuk	Marcel	4	4	6	2	5	2	60	75	10	59	5	4	0	10	0	8	0	6	7,5	1	5,9	0,5	3,75	42,9
Tomaszewska	Anna	7	6	4	2	2	3	89	29	58	19	97	7	2	6	0	0	4	8,9	2,9	5,8	1,9	9,7	2,75	48,2
Kurasik	Marcin	5	6	5	3	5	3	61	95	36	86	36	5	2	8	4	8	4	6,1	9,5	3,6	8,6	3,6	4	62,4
Grzsdzielska	Nina	7	6	2	3	3	2	2	9	56	86	71	7	2	0	4	4	0	0,2	0,9	5,6	8,6	7,1	2,5	39,4
Krynicki	Mateusz	6	2	4	5	6	4	21	73	39	28	25	6	0	6	8	10	6	2,1	7,3	3,9	2,8	2,5	4,75	54,6
Miszkin	Lena	0	5	2	4	3	3	52	74	79	92	69	0	0	0	6	4	4	5,2	7,4	7,9	9,2	6,9	3	50,6
Wilk	Amelia	1	2	2	4	5	3	97	51	38	17	5	1	0	0	6	8	4	9,7	5,1	3,8	1,7	0,5	3,5	39,8
Gibas	Patryk	3	3	2	5	3	5	68	38	31	14	54	3	0	0	8	4	8	6,8	3,8	3,1	1,4	5,4	3,75	43,5
Nowakowska	Kornelia	7	6	2	5	6	5	19	56	50	43	66	7	2	0	8	10	8	1,9	5,6	5	4,3	6,6	4,5	58,4
Broszkow	Zofia	6	6	5	3	2	3	16	95	97	62	46	6	2	8	4	0	4	1,6	9,5	9,7	6,2	4,6	3,25	55,6
Jama	Nikodem	6	5	3	2	3	5	55	2	64	13	72	6	0	4	0	4	8	5,5	0,2	6,4	1,3	7,2	3,25	42,6
Chojnacki	Jacek	6	2	4	3	3	2	54	83	36	27	21	6	0	6	4	4	0	5,4	8,3	3,6	2,7	2,1	3	42,1
Klebba	Michalina	1	5	2	2	4	5	19	92	24	32	91	1	0	0	0	6	8	1,9	9,2	2,4	3,2	9,1	3,25	40,8
Tomczyk	Bruno	7	3	2	3	5	6	25	14	19	95	91	7	0	0	4	8	10	2,5	1,4	1,9	9,5	9,1	4	53,4
Wojciechowski	Aleksander	8	4	3	2	3	4	37	69	12	17	48	8	0	4	0	4	6	3,7	6,9	1,2	1,7	4,8	3	40,3
Glac	Patryk	3	6	6	6	3	4	79	23	17	99	29	3	2	10	10	4	6	7,9	2,3	1,7	9,9	2,9	4,75	59,7
Lewita	Maksymilian	4	5	2	5	4	3	41	64	91	82	100	4	0	0	8	6	4	4,1	6,4	9,1	8,2	10	3,5	59,8
Kurowska	Maja	5	4	5	2	3	2	87	45	47	75	51	5	0	8	0	4	0	8,7	4,5	4,7	7,5	5,1	3	47,5
Lutczyk	Maciej	8	3	6	3	6	2	84	77	71	71	9	8	0	10	4	10	0	8,4	7,7	7,1	7,1	0,9	4,25	63,2
Laskowski	Maciej	1	2	4	4	5	5	20	93	68	58	23	1	0	6	6	8	8	2	9,3	6,8	5,8	2,3	4,5	55,2
Adamczyk	Zuzanna	7	5	6	6	2	5	80	90	62	97	3	7	0	10	10	0	8	8	9	6,2	9,7	0,3	4,75	68,2
Wolski	Aleksander	6	6	6	4	4	5	77	40	93	80	71	6	2	10	6	6	8	7,7	4	9,3	8	7,1	4,75	74,1
Dsbrowa	Szymon	4	6	5	3	5	4	65	34	51	38	65	4	2	8	4	8	6	6,5	3,4	5,1	3,8	6,5	4,25	57,3
Jackowska	Natasza	0	6	4	3	3	2	62	62	86	10	2	0	2	6	4	4	0	6,2	6,2	8,6	1	0,2	3	38,2
Korenkiewicz	Marika	8	5	4	2	4	2	70	4	92	91	21	8	0	6	0	6	0	7	0,4	9,2	9,1	2,1	3	47,8
Iwanowski	Olaf	1	2	6	5	6	4	66	78	26	98	56	1	0	10	8	10	6	6,6	7,8	2,6	9,8	5,6	5,25	67,4
Arendt	Wojciech	3	4	6	2	2	5	54	12	13	21	24	3	0	10	0	0	8	5,4	1,2	1,3	2,1	2,4	3,75	33,4
Tarkowska	Antonina	6	2	3	3	3	6	27	2	84	100	27	6	0	4	4	4	10	2,7	0,2	8,4	10	2,7	3,75	52
Murczynska	Laura	1	4	6	6	2	3	43	77	31	88	67	1	0	10	10	0	4	4,3	7,7	3,1	8,8	6,7	4,25	55,6
Kado	Monika	3	6	6	4	3	6	63	36	68	19	39	3	2	10	6	4	10	6,3	3,6	6,8	1,9	3,9	4,75	57,5
Wieczerzak	Amelia	1	2	6	4	2	2	32	18	1	56	7	1	0	10	6	0	0	3,2	1,8	0,1	5,6	0,7	3,5	28,4
Jakudczyk	Nikodem	4	3	3	2	6	2	60	64	100	38	70	4	0	4	0	10	0	6	6,4	10	3,8	7	3,25	51,2
Gryniewicz	Oliwier	0	6	6	5	3	2	39	66	84	47	21	0	2	10	8	4	0	3,9	6,6	8,4	4,7	2,1	4	49,7
Kaliszuk	Mikolaj	2	2	5	2	3	3	11	88	90	20	65	2	0	8	0	4	4	1,1	8,8	9	2	6,5	3,25	45,4
Majtas	Lucja	2	5	5	2	6	2	79	66	91	30	90	2	0	8	0	10	0	7,9	6,6	9,1	3	9	3,75	55,6
Grzesiak	Nina	5	3	6	3	3	5	15	21	66	55	90	5	0	10	4	4	8	1,5	2,1	6,6	5,5	9	4,25	55,7
Freda	Piotr	4	3	6	6	4	4	15	36	51	10	68	4	0	10	10	6	6	1,5	3,6	5,1	1	6,8	5	54
Janczynski	Nikodem	5	5	6	6	6	6	63	88	72	90	83	5	0	10	10	10	10	6,3	8,8	7,2	9	8,3	6	84,6
Kossakowska	Marika	8	3	5	5	5	6	55	10	80	8	78	8	0	8	8	8	10	5,5	1	8	0,8	7,8	5,25	65,1
Korda	Mateusz	7	3	5	4	5	6	24	82	37	7	12	7	0	8	6	8	10	2,4	8,2	3,7	0,7	1,2	5	55,2
Klukowska	Matylda	0	2	3	4	6	6	19	82	75	35	75	0	0	4	6	10	10	1,9	8,2	7,5	3,5	7,5	4,75	58,6
Araucz	Zuzanna	5	3	5	3	3	2	33	10	92	74	79	5	0	8	4	4	0	3,3	1	9,2	7,4	7,9	3,25	49,8
Kuban	Maja	4	5	5	3	4	4	94	21	58	60	36	4	0	8	4	6	6	9,4	2,1	5,8	6	3,6	4	54,9
Rutkowski	Igor	1	2	6	4	6	5	5	79	31	60	44	1	0	10	6	10	8	0,5	7,9	3,1	6	4,4	5,25	56,9
Ma?iewski	Krzysztof	0	4	4	6	4	4	60	36	6	48	31	0	0	6	10	6	6	6	3,6	0,6	4,8	3,1	4,5	46,1
Pawlak	Jan	6	3	2	2	6	6	47	36	64	67	13	6	0	0	0	10	10	4,7	3,6	6,4	6,7	1,3	4	48,7
Zasowska	Agnieszka	0	5	5	3	3	4	92	58	73	53	68	0	0	8	4	4	6	9,2	5,8	7,3	5,3	6,8	3,75	56,4
Korkosz	Mateusz	3	5	4	6	6	4	70	3	92	40	41	3	0	6	10	10	6	7	0,3	9,2	4	4,1	5	59,6
Olczak	Kacper	5	2	4	6	5	3	78	78	90	83	63	5	0	6	10	8	4	7,8	7,8	9	8,3	6,3	4,5	72,2
Kaminski	Mikolaj	0	6	5	6	6	6	43	3	56	52	41	0	2	8	10	10	10	4,3	0,3	5,6	5,2	4,1	5,75	59,5
Wlodarczyk	Alicja	1	4	4	3	6	6	33	38	27	60	80	1	0	6	4	10	10	3,3	3,8	2,7	6	8	4,75	54,8
Grubba	Oskar	5	6	2	5	5	5	80	54	22	26	62	5	2	0	8	8	8	8	5,4	2,2	2,6	6,2	4,25	55,4
Ligman	Maksymilian	6	6	2	4	5	2	34	92	51	32	80	6	2	0	6	8	0	3,4	9,2	5,1	3,2	8	3,25	50,9
Filbrandt	Piotr	8	2	4	2	6	5	17	29	83	9	54	8	0	6	0	10	8	1,7	2,9	8,3	0,9	5,4	4,25	51,2
Formela	Piotr	1	5	6	4	3	2	14	49	64	36	2	1	0	10	6	4	0	1,4	4,9	6,4	3,6	0,2	3,75	37,5
D?browski	Szymon	6	6	3	6	2	3	27	64	47	11	24	6	2	4	10	0	4	2,7	6,4	4,7	1,1	2,4	3,5	43,3
Rowinski	Jacek	3	5	3	2	6	6	77	9	73	35	96	3	0	4	0	10	10	7,7	0,9	7,3	3,5	9,6	4,25	56
Szymanska	Ariuna	2	5	4	4	2	5	46	15	67	56	9	2	0	6	6	0	8	4,6	1,5	6,7	5,6	0,9	3,75	41,3
Gozdalik	Oliwia	3	4	6	3	2	2	79	70	42	36	76	3	0	10	4	0	0	7,9	7	4,2	3,6	7,6	3,25	47,3
Pinker	Jan	3	6	3	6	2	5	25	78	36	67	37	3	2	4	10	0	8	2,5	7,8	3,6	6,7	3,7	4	51,3
Jaglowski	Nikodem	4	5	4	6	5	2	53	61	85	8	76	4	0	6	10	8	0	5,3	6,1	8,5	0,8	7,6	4,25	56,3
Kossakowska	Marika	7	2	4	3	6	3	13	89	20	2	36	7	0	6	4	10	4	1,3	8,9	2	0,2	3,6	4	47
Wendt	Amelia	3	5	5	2	5	2	25	46	91	75	91	3	0	8	0	8	0	2,5	4,6	9,1	7,5	9,1	3,5	51,8
Obarowska	Kornelia	7	6	4	5	4	6	52	32	57	58	67	7	2	6	8	6	10	5,2	3,2	5,7	5,8	6,7	4,75	65,6
Baranowska	Zuzanna	7	6	4	6	6	5	85	37	73	73	19	7	2	6	10	10	8	8,5	3,7	7,3	7,3	1,9	5,25	71,7
Bonislawska	Monika	8	3	3	4	3	5	96	17	94	90	1	8	0	4	6	4	8	9,6	1,7	9,4	9	0,1	3,75	59,8
Jo?iak	Mikolaj	2	3	6	4	5	6	68	10	64	85	26	2	0	10	6	8	10	6,8	1	6,4	8,5	2,6	5,25	61,3
Wejner	Amelia	7	2	2	6	5	3	45	81	28	11	25	7	0	0	10	8	4	4,5	8,1	2,8	1,1	2,5	4	48
Wojcicka	Alicja	3	2	3	2	5	4	85	28	36	9	95	3	0	4	0	8	6	8,5	2,8	3,6	0,9	9,5	3,5	46,3
Koprowski	Maurycy	4	3	6	4	4	3	48	71	40	67	83	4	0	10	6	6	4	4,8	7,1	4	6,7	8,3	4,25	60,9
Cicherski	Szymon	0	5	6	4	4	5	70	42	47	24	40	0	0	10	6	6	8	7	4,2	4,7	2,4	4	4,75	52,3
Olitkowska	Klaudia	8	4	5	4	4	5	83	18	29	17	9	8	0	8	6	6	8	8,3	1,8	2,9	1,7	0,9	4,5	51,6
Majewski	Maciej	1	6	4	6	3	2	48	65	86	18	88	1	2	6	10	4	0	4,8	6,5	8,6	1,8	8,8	3,75	53,5
Podbereski	Jakub	4	5	3	5	5	2	70	20	38	18	65	4	0	4	8	8	0	7	2	3,8	1,8	6,5	3,75	45,1
W?cik	Alan	2	2	6	5	2	6	74	61	24	72	41	2	0	10	8	0	10	7,4	6,1	2,4	7,2	4,1	4,75	57,2
Nowak	Latika	2	2	4	4	4	3	18	50	99	35	8	2	0	6	6	6	4	1,8	5	9,9	3,5	0,8	3,75	45
Piotrowski	Jacek	6	6	4	3	6	2	68	82	74	4	9	6	2	6	4	10	0	6,8	8,2	7,4	0,4	0,9	3,75	51,7
Bialek	Zuzanna	3	4	2	2	6	4	48	56	97	34	50	3	0	0	0	10	6	4,8	5,6	9,7	3,4	5	3,5	47,5
Galla	Paulina	2	5	5	5	3	2	69	49	67	20	3	2	0	8	8	4	0	6,9	4,9	6,7	2	0,3	3,75	42,8
Glasmann	Paula	5	2	4	5	6	4	68	37	91	56	46	5	0	6	8	10	6	6,8	3,7	9,1	5,6	4,6	4,75	64,8
Aniol	Wojciech	7	2	2	3	6	5	11	6	24	72	17	7	0	0	4	10	8	1,1	0,6	2,4	7,2	1,7	4	42
Cuper	Olga	2	2	6	2	2	4	13	7	71	64	96	2	0	10	0	0	6	1,3	0,7	7,1	6,4	9,6	3,5	43,1
Becla	Aleksander	8	4	5	5	3	4	92	71	26	42	46	8	0	8	8	4	6	9,2	7,1	2,6	4,2	4,6	4,25	61,7
Grodzki	Oskar	5	6	2	6	6	5	79	19	23	18	13	5	2	0	10	10	8	7,9	1,9	2,3	1,8	1,3	4,75	50,2
Ulwan	Anna	3	2	5	3	5	2	47	7	72	74	85	3	0	8	4	8	0	4,7	0,7	7,2	7,4	8,5	3,75	51,5
Goszczynski	Patryk	1	6	2	5	6	3	74	64	17	76	23	1	2	0	8	10	4	7,4	6,4	1,7	7,6	2,3	4	50,4
Bigos	Zosia	3	4	2	4	5	6	47	80	34	4	81	3	0	0	6	8	10	4,7	8	3,4	0,4	8,1	4,25	51,6
Waclawski	Bartosz	3	4	3	2	4	4	14	35	43	57	34	3	0	4	0	6	6	1,4	3,5	4,3	5,7	3,4	3,25	37,3
Wludyka	Alexander	7	3	3	2	6	5	84	70	57	62	1	7	0	4	0	10	8	8,4	7	5,7	6,2	0,1	4	56,4
Wizniewski	Andrzej	1	5	3	5	2	4	42	82	89	2	41	1	0	4	8	0	6	4,2	8,2	8,9	0,2	4,1	3,5	44,6
Florek	Sandra	0	6	6	4	4	3	25	40	61	59	88	0	2	10	6	6	4	2,5	4	6,1	5,9	8,8	4,25	55,3
Korbus	Marta	2	4	3	3	3	2	76	21	59	79	33	2	0	4	4	4	0	7,6	2,1	5,9	7,9	3,3	2,75	40,8
Piechalski	Jan	3	6	5	2	5	4	18	33	57	34	74	3	2	8	0	8	6	1,8	3,3	5,7	3,4	7,4	4	48,6
Potocki	Mariusz	8	4	3	2	6	5	67	34	96	61	40	8	0	4	0	10	8	6,7	3,4	9,6	6,1	4	4	59,8
Korda	Mateusz	5	4	4	6	4	5	39	12	100	47	42	5	0	6	10	6	8	3,9	1,2	10	4,7	4,2	4,75	59
Depczynski	Stanislaw	0	3	2	4	4	2	88	79	26	8	70	0	0	0	6	6	0	8,8	7,9	2,6	0,8	7	3	39,1
Erbel	Urszula	1	2	2	6	6	3	83	76	52	43	64	1	0	0	10	10	4	8,3	7,6	5,2	4,3	6,4	4,25	56,8
Kutnik	Marcin	1	6	6	3	6	4	54	50	36	23	9	1	2	10	4	10	6	5,4	5	3,6	2,3	0,9	4,75	50,2
Dabrowski	Szymon	0	3	4	6	3	5	49	31	34	22	76	0	0	6	10	4	8	4,9	3,1	3,4	2,2	7,6	4,5	49,2
Ciupa	Wiktoria	1	3	2	2	2	3	71	20	46	6	22	1	0	0	0	0	4	7,1	2	4,6	0,6	2,2	2,25	21,5
Michalak	Krzysztof	8	5	6	4	5	4	5	48	2	12	15	8	0	10	6	8	6	0,5	4,8	0,2	1,2	1,5	4,75	46,2
Mieczkowski	Krystian	7	4	3	4	6	6	27	12	19	10	66	7	0	4	6	10	10	2,7	1,2	1,9	1	6,6	4,75	50,4
Jaglowska	Natalia	6	2	5	3	5	3	95	12	76	52	36	6	0	8	4	8	4	9,5	1,2	7,6	5,2	3,6	4	57,1
Czechowska	Wiktoria	4	6	4	5	5	2	48	9	45	10	3	4	2	6	8	8	0	4,8	0,9	4,5	1	0,3	4	39,5
Domanski	Sebastian	2	5	2	4	4	4	46	58	72	83	48	2	0	0	6	6	6	4,6	5,8	7,2	8,3	4,8	3,5	50,7
Kotowska	Marianna	7	3	3	3	3	6	72	40	54	44	78	7	0	4	4	4	10	7,2	4	5,4	4,4	7,8	3,75	57,8
Nieradko	Kajetan	4	4	5	2	3	5	80	63	36	13	38	4	0	8	0	4	8	8	6,3	3,6	1,3	3,8	3,75	47
Mendrek	Krzysztof	7	5	3	2	5	3	89	97	66	5	68	7	0	4	0	8	4	8,9	9,7	6,6	0,5	6,8	3,25	55,5
Trawicki	Borys	8	3	5	3	6	6	98	27	75	69	29	8	0	8	4	10	10	9,8	2,7	7,5	6,9	2,9	5	69,8
Sobon	Filip	2	2	3	4	2	6	43	45	16	56	7	2	0	4	6	0	10	4,3	4,5	1,6	5,6	0,7	3,75	38,7
Cejnog	Kamila	7	6	6	2	3	6	19	5	76	74	16	7	2	10	0	4	10	1,9	0,5	7,6	7,4	1,6	4,25	52
Jazkowiec	Nadia	2	3	2	5	5	4	60	48	73	93	51	2	0	0	8	8	6	6	4,8	7,3	9,3	5,1	4	56,5
Jarosiewicz	Milosz	4	6	3	6	5	6	82	21	64	61	93	4	2	4	10	8	10	8,2	2,1	6,4	6,1	9,3	5	70,1
Kmiecik	Martyna	2	4	2	4	3	4	65	50	15	67	88	2	0	0	6	4	6	6,5	5	1,5	6,7	8,8	3,25	46,5
Kilanowska	Michalina	8	3	6	3	6	3	85	68	59	5	29	8	0	10	4	10	4	8,5	6,8	5,9	0,5	2,9	4,5	60,6
Markowiak	Leon	7	6	2	3	2	2	91	65	12	78	87	7	2	0	4	0	0	9,1	6,5	1,2	7,8	8,7	2,25	46,3
Sikora	Hubert	2	6	6	6	2	3	65	28	80	55	60	2	2	10	10	0	4	6,5	2,8	8	5,5	6	4,25	56,8
Szczuplinska	Emilia	4	4	2	3	3	5	14	4	93	36	26	4	0	0	4	4	8	1,4	0,4	9,3	3,6	2,6	3,25	37,3
Szubarczyk	Dawid	0	6	2	6	5	6	15	42	90	14	88	0	2	0	10	8	10	1,5	4,2	9	1,4	8,8	4,75	54,9
Krefta	Mateusz	8	5	4	4	4	3	39	45	68	26	30	8	0	6	6	6	4	3,9	4,5	6,8	2,6	3	3,75	50,8
Malinowski	Lukasz	3	6	3	4	3	5	86	46	9	68	39	3	2	4	6	4	8	8,6	4,6	0,9	6,8	3,9	3,75	51,8
Czerlonek	Weronika	7	4	6	6	6	2	17	16	12	54	91	7	0	10	10	10	0	1,7	1,6	1,2	5,4	9,1	5	56
Szostakowska	Dominika	4	2	4	3	5	2	68	87	48	54	39	4	0	6	4	8	0	6,8	8,7	4,8	5,4	3,9	3,5	51,6
Kaleta	Mikolaj	8	3	5	2	5	3	99	90	59	78	93	8	0	8	0	8	4	9,9	9	5,9	7,8	9,3	3,75	69,9
Kocur	Martyna	1	6	6	5	3	6	58	93	93	82	17	1	2	10	8	4	10	5,8	9,3	9,3	8,2	1,7	5	69,3
Wit	Andrzej	6	4	5	3	2	2	38	13	62	22	14	6	0	8	4	0	0	3,8	1,3	6,2	2,2	1,4	3	32,9
Rybienik	Igor	6	6	3	6	6	2	1	34	76	39	56	6	2	4	10	10	0	0,1	3,4	7,6	3,9	5,6	4,25	52,6
Puzlecka	Julia	3	5	3	6	2	4	91	99	61	2	52	3	0	4	10	0	6	9,1	9,9	6,1	0,2	5,2	3,75	53,5
Juralewicz	Mikolaj	3	4	6	2	2	4	2	85	51	87	27	3	0	10	0	0	6	0,2	8,5	5,1	8,7	2,7	3,5	44,2
Piwowarek	Jan	6	3	3	6	6	3	78	57	69	18	87	6	0	4	10	10	4	7,8	5,7	6,9	1,8	8,7	4,5	64,9
Jurczak	Mikolaj	3	5	4	5	6	4	64	35	42	54	15	3	0	6	8	10	6	6,4	3,5	4,2	5,4	1,5	4,75	54
Ogrodowczyk	Konstancja	3	2	2	4	3	5	40	28	88	11	9	3	0	0	6	4	8	4	2,8	8,8	1,1	0,9	3,5	38,6
Strojek	Filip	2	5	3	4	6	3	8	46	55	39	21	2	0	4	6	10	4	0,8	4,6	5,5	3,9	2,1	4	42,9
Zaremba	Aleksandra	2	5	3	6	3	3	86	36	76	91	19	2	0	4	10	4	4	8,6	3,6	7,6	9,1	1,9	3,75	54,8
Gorska	Oliwia	0	4	3	5	2	6	86	76	17	68	39	0	0	4	8	0	10	8,6	7,6	1,7	6,8	3,9	4	50,6
Garus	Paulina	8	4	5	5	4	5	7	8	77	77	21	8	0	8	8	6	8	0,7	0,8	7,7	7,7	2,1	4,75	57
Siemistkowska	Jagoda	8	2	6	4	3	2	77	98	4	85	63	8	0	10	6	4	0	7,7	9,8	0,4	8,5	6,3	3,75	60,7
Ulewicz	Bartosz	6	4	6	3	3	3	9	15	6	65	75	6	0	10	4	4	4	0,9	1,5	0,6	6,5	7,5	3,75	45
Tokarska	Antonia	0	5	3	3	3	5	27	30	23	16	21	0	0	4	4	4	8	2,7	3	2,3	1,6	2,1	3,5	31,7
Krupa	Mateusz	5	2	5	5	6	5	17	23	33	16	62	5	0	8	8	10	8	1,7	2,3	3,3	1,6	6,2	5,25	54,1
Swirk	Antonina	2	5	3	6	6	2	87	23	15	44	30	2	0	4	10	10	0	8,7	2,3	1,5	4,4	3	4,25	45,9
Kizielewicz	Michal	2	6	3	3	3	6	83	27	18	41	94	2	2	4	4	4	10	8,3	2,7	1,8	4,1	9,4	3,75	52,3
Kecler	Milena	5	5	5	2	4	5	35	16	94	87	38	5	0	8	0	6	8	3,5	1,6	9,4	8,7	3,8	4	54
Zochowska	Adriana	0	5	3	3	2	2	92	79	94	42	95	0	0	4	4	0	0	9,2	7,9	9,4	4,2	9,5	2,5	48,2
Kozlowska	Malgorzata	5	3	5	3	6	6	82	7	24	80	33	5	0	8	4	10	10	8,2	0,7	2,4	8	3,3	5	59,6
Lewandowska	Maja	6	4	6	6	4	4	94	44	96	9	97	6	0	10	10	6	6	9,4	4,4	9,6	0,9	9,7	5	72
G?likowski	Patrick	3	5	3	6	4	2	32	50	94	52	100	3	0	4	10	6	0	3,2	5	9,4	5,2	10	3,75	55,8
Kowalska	Maria	3	2	3	5	3	6	84	53	73	7	3	3	0	4	8	4	10	8,4	5,3	7,3	0,7	0,3	4,25	51
Katende	Milena	2	2	5	5	5	4	88	37	50	19	28	2	0	8	8	8	6	8,8	3,7	5	1,9	2,8	4,75	54,2
Tokarz	Anna	7	2	3	5	5	2	26	30	96	59	28	7	0	4	8	8	0	2,6	3	9,6	5,9	2,8	3,75	50,9
Radosz	Julia	0	5	6	2	2	3	50	5	14	44	45	0	0	10	0	0	4	5	0,5	1,4	4,4	4,5	3,25	29,8
Komorowska	Michal	5	5	5	4	6	5	73	49	54	67	5	5	0	8	6	10	8	7,3	4,9	5,4	6,7	0,5	5	61,8
Zakrzewska	Olga	2	3	4	2	5	6	100	13	93	32	23	2	0	6	0	8	10	10	1,3	9,3	3,2	2,3	4,25	52,1
Zakrzewska	Ewa	6	4	4	3	2	5	52	46	54	22	42	6	0	6	4	0	8	5,2	4,6	5,4	2,2	4,2	3,5	45,6
Rohde	Jakub	2	5	6	4	6	3	88	14	98	46	66	2	0	10	6	10	4	8,8	1,4	9,8	4,6	6,6	4,75	63,2
Smoliniec	Franciszek	3	2	4	2	6	6	85	91	9	9	53	3	0	6	0	10	10	8,5	9,1	0,9	0,9	5,3	4,5	53,7
Paluchowski	Julian	3	4	4	4	3	3	93	12	63	3	60	3	0	6	6	4	4	9,3	1,2	6,3	0,3	6	3,5	46,1
Bialaszewski	Wiktor	0	6	3	5	6	3	67	66	56	41	26	0	2	4	8	10	4	6,7	6,6	5,6	4,1	2,6	4,25	53,6
Bielawski	Tymoteusz	4	5	6	5	2	4	65	75	95	100	89	4	0	10	8	0	6	6,5	7,5	9,5	10	8,9	4,25	70,4
Pawlun	Karolina	1	3	5	2	2	5	45	30	64	95	83	1	0	8	0	0	8	4,5	3	6,4	9,5	8,3	3,5	48,7
Zielinski	Mariusz	4	6	4	2	3	5	40	80	8	99	20	4	2	6	0	4	8	4	8	0,8	9,9	2	3,5	48,7
Majchrzak	Lucja	6	3	6	2	4	6	47	54	40	83	16	6	0	10	0	6	10	4,7	5,4	4	8,3	1,6	4,5	56
Koczakowska	Marta	3	2	4	5	4	6	99	60	96	89	29	3	0	6	8	6	10	9,9	6	9,6	8,9	2,9	4,75	70,3
Brzozowski	Wojciech	8	2	2	4	3	5	83	29	91	26	21	8	0	0	6	4	8	8,3	2,9	9,1	2,6	2,1	3,5	51
Jakubczyk	Natalia	0	4	3	6	5	5	5	26	6	82	94	0	0	4	10	8	8	0,5	2,6	0,6	8,2	9,4	4,75	51,3
Krol	Malgorzata	5	3	3	3	4	3	97	83	27	61	34	5	0	4	4	6	4	9,7	8,3	2,7	6,1	3,4	3,25	53,2
Bialy	Viktor	8	5	4	6	6	5	37	52	6	34	84	8	0	6	10	10	8	3,7	5,2	0,6	3,4	8,4	5,25	63,3
Drozd	Radoslaw	5	2	5	3	5	5	30	42	80	74	75	5	0	8	4	8	8	3	4,2	8	7,4	7,5	4,5	63,1
Srokowska	Helena	3	2	5	5	2	2	81	88	99	75	60	3	0	8	8	0	0	8,1	8,8	9,9	7,5	6	3,5	59,3
Srokowska	Iga	3	6	2	5	6	4	36	63	40	82	89	3	2	0	8	10	6	3,6	6,3	4	8,2	8,9	4,25	60
Cejman	Szymon	0	6	3	2	3	5	27	62	56	66	92	0	2	4	0	4	8	2,7	6,2	5,6	6,6	9,2	3,25	48,3
Stambuldzys	Helena	8	5	5	5	4	6	65	57	24	97	47	8	0	8	8	6	10	6,5	5,7	2,4	9,7	4,7	5	69
Adryan	Xawery	5	2	6	4	5	6	35	77	82	42	17	5	0	10	6	8	10	3,5	7,7	8,2	4,2	1,7	5,25	64,3
Kwidzinski	Marceli	3	5	5	2	3	6	47	52	43	47	3	3	0	8	0	4	10	4,7	5,2	4,3	4,7	0,3	4	44,2
Ostrowska	Kelly	5	2	6	3	3	5	69	15	39	69	39	5	0	10	4	4	8	6,9	1,5	3,9	6,9	3,9	4,25	54,1
Karmasz	Michal	0	3	6	4	3	6	35	41	92	96	19	0	0	10	6	4	10	3,5	4,1	9,2	9,6	1,9	4,75	58,3
Smiecinska	Antonina	1	6	6	5	3	6	8	17	37	10	56	1	2	10	8	4	10	0,8	1,7	3,7	1	5,6	5	47,8
Czecholinska	Wiktoria	2	5	6	2	5	3	44	32	4	95	55	2	0	10	0	8	4	4,4	3,2	0,4	9,5	5,5	4	47
PodraZka	Jakub	0	6	4	2	4	5	72	100	96	5	41	0	2	6	0	6	8	7,2	10	9,6	0,5	4,1	3,75	53,4
Kmita	Martyna	2	6	6	4	6	2	68	15	53	47	8	2	2	10	6	10	0	6,8	1,5	5,3	4,7	0,8	4,5	49,1
Gachewicz	Pola	0	3	5	2	3	6	33	86	90	78	15	0	0	8	0	4	10	3,3	8,6	9	7,8	1,5	4	52,2
Pilewski	Jan	3	2	5	3	3	4	95	25	48	27	23	3	0	8	4	4	6	9,5	2,5	4,8	2,7	2,3	3,75	46,8
Lewandowska	Ewa	0	4	5	6	3	5	66	31	5	9	38	0	0	8	10	4	8	6,6	3,1	0,5	0,9	3,8	4,75	44,9
Paliniewicz	Katarzyna	0	4	4	5	4	3	82	31	77	49	81	0	0	6	8	6	4	8,2	3,1	7,7	4,9	8,1	4	56
Lubinska	Magdalena	5	2	3	2	4	3	53	95	23	16	90	5	0	4	0	6	4	5,3	9,5	2,3	1,6	9	3	46,7
Konstanski	Michal	7	2	4	3	4	2	58	56	47	61	69	7	0	6	4	6	0	5,8	5,6	4,7	6,1	6,9	3,25	52,1
Hrywniak	Olaf	6	6	4	3	2	3	88	10	92	82	2	6	2	6	4	0	4	8,8	1	9,2	8,2	0,2	3	49,4
Warda	Bartlomiej	6	4	2	3	5	4	50	3	27	70	25	6	0	0	4	8	6	5	0,3	2,7	7	2,5	3,5	41,5
D?browski	Stefan	8	2	5	3	2	3	93	98	43	97	90	8	0	8	4	0	4	9,3	9,8	4,3	9,7	9	3,25	66,1
Mrozek	Lena	6	4	4	5	2	4	41	62	60	18	83	6	0	6	8	0	6	4,1	6,2	6	1,8	8,3	3,75	52,4
Drapinska	Weronika	3	2	3	4	2	4	90	26	50	74	53	3	0	4	6	0	6	9	2,6	5	7,4	5,3	3,25	48,3
Dawidowska	Weronika	4	4	3	2	3	2	31	59	7	38	24	4	0	4	0	4	0	3,1	5,9	0,7	3,8	2,4	2,5	27,9
Lesiak	Maksymilian	6	6	6	2	3	2	56	34	52	30	94	6	2	10	0	4	0	5,6	3,4	5,2	3	9,4	3,25	48,6
Szarmach	Ewa	0	3	6	4	6	3	13	42	23	14	73	0	0	10	6	10	4	1,3	4,2	2,3	1,4	7,3	4,75	46,5
Burghard	Zofia	2	3	6	6	4	4	61	3	88	72	84	2	0	10	10	6	6	6,1	0,3	8,8	7,2	8,4	5	64,8
Michalska	Lena	6	4	4	2	4	2	30	28	30	66	98	6	0	6	0	6	0	3	2,8	3	6,6	9,8	3	43,2
Mezynska	Lena	4	4	4	6	6	2	80	75	57	43	92	4	0	6	10	10	0	8	7,5	5,7	4,3	9,2	4,5	64,7
Kaminska	Monika	2	4	5	2	5	2	26	69	46	57	91	2	0	8	0	8	0	2,6	6,9	4,6	5,7	9,1	3,5	46,9
Edel	Vanessa	4	3	5	5	3	3	5	44	37	5	62	4	0	8	8	4	4	0,5	4,4	3,7	0,5	6,2	4	43,3
Gadomska	Pola	6	3	5	5	2	6	56	90	35	68	48	6	0	8	8	0	10	5,6	9	3,5	6,8	4,8	4,5	61,7
Bieniasz	Zuzanna	4	3	6	2	3	3	7	15	62	9	43	4	0	10	0	4	4	0,7	1,5	6,2	0,9	4,3	3,5	35,6
Kozlowski	Mateusz	3	6	6	6	4	5	27	73	63	14	72	3	2	10	10	6	8	2,7	7,3	6,3	1,4	7,2	5,25	63,9
Karewicz	Michal	1	6	5	2	2	3	70	59	15	13	66	1	2	8	0	0	4	7	5,9	1,5	1,3	6,6	3	37,3
Hinca	Olaf	5	3	5	3	5	3	52	65	48	58	48	5	0	8	4	8	4	5,2	6,5	4,8	5,8	4,8	4	56,1
Mielcarz	Lena	5	2	2	2	4	2	27	64	22	32	91	5	0	0	0	6	0	2,7	6,4	2,2	3,2	9,1	2,5	34,6
Zebrowski	Adam	1	3	3	2	5	2	84	92	92	81	68	1	0	4	0	8	0	8,4	9,2	9,2	8,1	6,8	3	54,7
Janik	Natalia	4	5	4	4	2	6	75	22	91	31	93	4	0	6	6	0	10	7,5	2,2	9,1	3,1	9,3	4	57,2
Radziun	Jakub	2	4	4	6	5	4	35	77	81	17	27	2	0	6	10	8	6	3,5	7,7	8,1	1,7	2,7	4,75	55,7
Stawirej	Hanna	7	5	4	3	3	2	2	88	61	2	49	7	0	6	4	4	0	0,2	8,8	6,1	0,2	4,9	3	41,2
Brankiewicz	Anna	7	6	5	3	3	3	71	55	33	97	73	7	2	8	4	4	4	7,1	5,5	3,3	9,7	7,3	3,5	61,9
Wojniusz	Aleksander	5	5	6	4	5	5	53	97	28	88	87	5	0	10	6	8	8	5,3	9,7	2,8	8,8	8,7	5	72,3
Borowiec	Tymon	0	5	5	3	4	4	73	67	18	84	75	0	0	8	4	6	6	7,3	6,7	1,8	8,4	7,5	4	55,7
Kuszner	Maja	3	6	2	2	5	2	97	40	41	46	59	3	2	0	0	8	0	9,7	4	4,1	4,6	5,9	2,75	41,3
Pawlowski	Jan	7	4	4	6	5	5	10	32	73	96	29	7	0	6	10	8	8	1	3,2	7,3	9,6	2,9	5	63
Boleski	Tymon	3	2	5	5	4	5	91	53	13	58	75	3	0	8	8	6	8	9,1	5,3	1,3	5,8	7,5	4,75	62
Gnie?zinska	Patrycja	5	4	6	5	2	3	21	48	45	1	51	5	0	10	8	0	4	2,1	4,8	4,5	0,1	5,1	4	43,6
Gazarkiewicz	Paulina	2	2	5	2	4	4	83	28	43	19	83	2	0	8	0	6	6	8,3	2,8	4,3	1,9	8,3	3,75	47,6
Gawinkowski	Pawel	2	4	4	3	3	6	97	80	54	78	43	2	0	6	4	4	10	9,7	8	5,4	7,8	4,3	4	61,2
Lendzion	Maja	2	5	2	3	5	2	26	31	88	98	45	2	0	0	4	8	0	2,6	3,1	8,8	9,8	4,5	3	42,8
Skrzek	Izabela	7	6	4	5	4	3	17	54	78	68	41	7	2	6	8	6	4	1,7	5,4	7,8	6,8	4,1	4	58,8
Reda	Jakub	0	2	5	3	6	6	5	93	4	59	71	0	0	8	4	10	10	0,5	9,3	0,4	5,9	7,1	5	55,2
Krolikowska	Malgorzata	3	5	3	3	6	4	78	80	56	31	81	3	0	4	4	10	6	7,8	8	5,6	3,1	8,1	4	59,6
Szydlowski	Daniel	6	6	6	4	6	4	64	18	23	81	18	6	2	10	6	10	6	6,4	1,8	2,3	8,1	1,8	5	60,4
Sawicka	Julia	2	4	3	5	2	3	96	32	73	7	74	2	0	4	8	0	4	9,6	3,2	7,3	0,7	7,4	3,25	46,2
Jakubiak	Natalia	6	6	5	5	3	6	85	35	70	99	85	6	2	8	8	4	10	8,5	3,5	7	9,9	8,5	4,75	75,4
Maciejewski	Maciej	4	2	4	5	4	2	17	17	92	6	64	4	0	6	8	6	0	1,7	1,7	9,2	0,6	6,4	3,75	43,6
Kachniarz	Mikolaj	4	2	4	2	5	4	62	3	84	48	94	4	0	6	0	8	6	6,2	0,3	8,4	4,8	9,4	3,75	53,1
Pluzinska	Kaja	4	5	5	6	2	3	35	49	59	44	68	4	0	8	10	0	4	3,5	4,9	5,9	4,4	6,8	4	51,5
Domachowska	Weronika	7	3	6	2	6	5	20	58	93	53	35	7	0	10	0	10	8	2	5,8	9,3	5,3	3,5	4,75	60,9
Skrodzki	Gabriel	5	6	2	3	4	3	2	97	14	81	38	5	2	0	4	6	4	0,2	9,7	1,4	8,1	3,8	3	44,2
Skoropinski	Gabriel	4	6	2	6	4	5	98	42	49	83	32	4	2	0	10	6	8	9,8	4,2	4,9	8,3	3,2	4,25	60,4
Zak	Agata	7	5	5	4	5	6	97	45	42	25	51	7	0	8	6	8	10	9,7	4,5	4,2	2,5	5,1	5	65
Hildebrandt	Nikola	8	3	2	2	4	2	54	48	35	28	35	8	0	0	0	6	0	5,4	4,8	3,5	2,8	3,5	2,5	34
Papciak	Jaroslaw	5	2	6	3	2	5	35	56	6	84	54	5	0	10	4	0	8	3,5	5,6	0,6	8,4	5,4	4	50,5
Malanowski	Lukasz	0	2	5	6	6	3	36	94	52	50	57	0	0	8	10	10	4	3,6	9,4	5,2	5	5,7	5	60,9
Osojca	Kinga	2	3	2	2	5	6	100	48	88	48	8	2	0	0	0	8	10	10	4,8	8,8	4,8	0,8	3,75	49,2
Szulfer	Daria	1	3	4	3	5	6	89	70	58	39	43	1	0	6	4	8	10	8,9	7	5,8	3,9	4,3	4,5	58,9
Konieczka	Marta	0	6	2	2	6	2	21	80	59	35	12	0	2	0	0	10	0	2,1	8	5,9	3,5	1,2	3	32,7
Komasinska	Marta	1	3	2	5	4	4	38	5	69	94	25	1	0	0	8	6	6	3,8	0,5	6,9	9,4	2,5	3,75	44,1
Gajdecka	Paulina	8	4	5	4	5	3	24	47	99	64	11	8	0	8	6	8	4	2,4	4,7	9,9	6,4	1,1	4,25	58,5
Galikowska	Paulina	3	5	2	4	5	4	48	100	7	64	74	3	0	0	6	8	6	4,8	10	0,7	6,4	7,4	3,75	52,3
Piotrowski	Jan	8	3	5	2	4	6	46	88	1	49	84	8	0	8	0	6	10	4,6	8,8	0,1	4,9	8,4	4,25	58,8
Przestrzelski	Jakub	3	5	4	4	6	4	77	80	44	96	10	3	0	6	6	10	6	7,7	8	4,4	9,6	1	4,5	61,7
Schmidtke	Joanna	8	3	5	3	5	3	28	5	29	7	19	8	0	8	4	8	4	2,8	0,5	2,9	0,7	1,9	4	40,8
Romanowska	Julia	0	5	5	4	5	5	100	100	68	69	46	0	0	8	6	8	8	10	10	6,8	6,9	4,6	4,75	68,3
Smoliniec	Iwa	0	6	6	3	4	3	86	20	40	37	24	0	2	10	4	6	4	8,6	2	4	3,7	2,4	4	46,7
Kukulski	Mateusz	8	2	4	3	2	4	37	45	53	100	63	8	0	6	4	0	6	3,7	4,5	5,3	10	6,3	3,25	53,8
Wakuluk	Angelika	5	2	4	5	2	4	63	100	26	46	85	5	0	6	8	0	6	6,3	10	2,6	4,6	8,5	3,75	57
Wabiszewska	Aniela	3	3	3	6	3	2	62	92	75	30	86	3	0	4	10	4	0	6,2	9,2	7,5	3	8,6	3,5	55,5
Bialowss	Wiktor	6	4	2	4	4	6	16	19	66	96	61	6	0	0	6	6	10	1,6	1,9	6,6	9,6	6,1	4	53,8
Laskowski	Jacek	4	5	4	4	2	2	71	99	56	2	43	4	0	6	6	0	0	7,1	9,9	5,6	0,2	4,3	3	43,1
Gondek	Oliwia	8	2	6	2	6	5	62	49	45	42	53	8	0	10	0	10	8	6,2	4,9	4,5	4,2	5,3	4,75	61,1
G?ski	Oskar	2	3	2	5	5	2	44	30	61	13	30	2	0	0	8	8	0	4,4	3	6,1	1,3	3	3,5	35,8
Szlage	Dominik	5	6	5	3	2	4	55	18	46	82	71	5	2	8	4	0	6	5,5	1,8	4,6	8,2	7,1	3,5	52,2
Stiewa	Gabriela	5	2	5	6	3	3	23	10	99	23	4	5	0	8	10	4	4	2,3	1	9,9	2,3	0,4	4,25	46,9
Janiszewska	Natalia	5	4	3	5	6	2	72	22	90	8	61	5	0	4	8	10	0	7,2	2,2	9	0,8	6,1	4	52,3
Orlowski	Kacper	3	3	6	2	4	6	95	18	32	67	36	3	0	10	0	6	10	9,5	1,8	3,2	6,7	3,6	4,5	53,8
Kulik	Marek	5	5	5	5	5	3	99	47	3	6	59	5	0	8	8	8	4	9,9	4,7	0,3	0,6	5,9	4,5	54,4
Szymaniak	Bianka	5	5	3	4	5	2	97	87	7	93	19	5	0	4	6	8	0	9,7	8,7	0,7	9,3	1,9	3,5	53,3
Soja	Filip	3	6	6	6	2	5	57	44	90	33	78	3	2	10	10	0	8	5,7	4,4	9	3,3	7,8	4,75	63,2
Macholla	Maciej	2	4	5	3	2	2	35	82	52	15	51	2	0	8	4	0	0	3,5	8,2	5,2	1,5	5,1	3	37,5
Duchcik	Victoria	1	5	5	6	4	6	19	32	74	31	58	1	0	8	10	6	10	1,9	3,2	7,4	3,1	5,8	5,25	56,4
Subocz	Emma	0	5	2	2	5	3	45	52	32	42	33	0	0	0	0	8	4	4,5	5,2	3,2	4,2	3,3	3	32,4
Matusiewicz	Ksawery	8	5	6	2	4	3	78	38	62	45	55	8	0	10	0	6	4	7,8	3,8	6,2	4,5	5,5	3,75	55,8
Czapkowski	Jaroslaw	6	4	2	6	2	6	20	92	44	89	79	6	0	0	10	0	10	2	9,2	4,4	8,9	7,9	4	58,4
Cudzilo	Urszula	4	2	2	4	3	3	36	79	62	8	47	4	0	0	6	4	4	3,6	7,9	6,2	0,8	4,7	3	41,2
Frost	Piotr	0	2	2	4	2	4	24	81	74	4	92	0	0	0	6	0	6	2,4	8,1	7,4	0,4	9,2	3	39,5
Tylec	Bartosz	3	3	5	6	4	3	68	76	21	59	66	3	0	8	10	6	4	6,8	7,6	2,1	5,9	6,6	4,5	60
Niewierowska	Laura	4	3	2	4	4	5	70	34	18	27	70	4	0	0	6	6	8	7	3,4	1,8	2,7	7	3,75	45,9
Bankowski	Wojciech	2	4	2	4	5	2	9	76	35	83	13	2	0	0	6	8	0	0,9	7,6	3,5	8,3	1,3	3,25	37,6
Stopinska	Gabriela	6	2	4	2	3	2	63	31	2	74	15	6	0	6	0	4	0	6,3	3,1	0,2	7,4	1,5	2,75	34,5
Odya	Kacper	4	6	3	5	4	4	15	57	64	60	60	4	2	4	8	6	6	1,5	5,7	6,4	6	6	4	55,6
Jaroszek	Milosz	6	4	4	2	2	2	26	6	12	71	85	6	0	6	0	0	0	2,6	0,6	1,2	7,1	8,5	2,5	32
Deszcz	Simon	5	6	2	4	4	3	3	8	22	75	52	5	2	0	6	6	4	0,3	0,8	2,2	7,5	5,2	3,25	39
Bujalski	Tobiasz	0	5	2	4	4	4	68	77	39	95	42	0	0	0	6	6	6	6,8	7,7	3,9	9,5	4,2	3,5	50,1
Kowalina	Mateusz	4	4	3	2	5	4	65	42	95	95	95	4	0	4	0	8	6	6,5	4,2	9,5	9,5	9,5	3,5	61,2
Broner	Maria	6	2	2	2	2	4	32	39	61	67	14	6	0	0	0	0	6	3,2	3,9	6,1	6,7	1,4	2,5	33,3
Kozlowski	Mateusz	8	3	5	6	3	5	7	96	85	8	46	8	0	8	10	4	8	0,7	9,6	8,5	0,8	4,6	4,75	62,2
Majsik	Lukasz	7	5	5	5	2	2	35	95	11	36	19	7	0	8	8	0	0	3,5	9,5	1,1	3,6	1,9	3,5	42,6
Borkowski	Tomasz	1	4	4	6	3	4	73	61	49	70	52	1	0	6	10	4	6	7,3	6,1	4,9	7	5,2	4,25	57,5
G?ecki	Patryk	8	2	5	2	2	6	52	90	95	83	23	8	0	8	0	0	10	5,2	9	9,5	8,3	2,3	3,75	60,3
Zielinski	Adam	8	5	6	5	6	5	5	84	88	35	40	8	0	10	8	10	8	0,5	8,4	8,8	3,5	4	5,5	69,2
Zawisza	Agnieszka	5	4	6	2	3	4	53	57	30	7	52	5	0	10	0	4	6	5,3	5,7	3	0,7	5,2	3,75	44,9
Gerygk	Patryk	4	2	4	5	5	4	52	73	12	3	7	4	0	6	8	8	6	5,2	7,3	1,2	0,3	0,7	4,5	46,7
Gerono	Pawel	7	4	3	2	5	5	41	23	84	93	6	7	0	4	0	8	8	4,1	2,3	8,4	9,3	0,6	3,75	51,7
Dsbkowska	Weronika	3	3	4	4	5	5	44	90	71	41	60	3	0	6	6	8	8	4,4	9	7,1	4,1	6	4,5	61,6
Lang	Maja	0	5	2	4	2	6	27	56	54	99	27	0	0	0	6	0	10	2,7	5,6	5,4	9,9	2,7	3,5	42,3
Glowacz	Patryk	6	4	5	6	2	5	56	47	34	65	87	6	0	8	10	0	8	5,6	4,7	3,4	6,5	8,7	4,5	60,9
Olstowska	Klaudia	3	5	6	4	6	6	79	52	11	9	83	3	0	10	6	10	10	7,9	5,2	1,1	0,9	8,3	5,5	62,4
Kik	Michalina	6	5	5	5	4	4	34	15	40	85	52	6	0	8	8	6	6	3,4	1,5	4	8,5	5,2	4,5	56,6
Chajecki	Karol	1	3	4	6	6	3	52	36	41	96	66	1	0	6	10	10	4	5,2	3,6	4,1	9,6	6,6	4,75	60,1
Wizniewska	Amelia	5	4	6	5	5	3	41	35	54	14	29	5	0	10	8	8	4	4,1	3,5	5,4	1,4	2,9	4,75	52,3
Szewczyk	Edyta	5	3	5	5	3	2	25	24	28	21	24	5	0	8	8	4	0	2,5	2,4	2,8	2,1	2,4	3,75	37,2
Basek	Wiktoria	3	4	2	5	2	6	80	86	29	32	85	3	0	0	8	0	10	8	8,6	2,9	3,2	8,5	3,75	52,2
Stiburska	Gabriela	4	3	5	6	3	4	68	19	94	92	62	4	0	8	10	4	6	6,8	1,9	9,4	9,2	6,2	4,5	65,5
Dreger	Wanessa	4	2	5	2	5	4	74	85	21	33	9	4	0	8	0	8	6	7,4	8,5	2,1	3,3	0,9	4	48,2
Kowalska	Maria	0	2	3	5	4	6	40	46	1	98	39	0	0	4	8	6	10	4	4,6	0,1	9,8	3,9	4,5	50,4
Sorr	Iga	7	2	2	2	2	2	1	25	33	91	60	7	0	0	0	0	0	0,1	2,5	3,3	9,1	6	2	28
Marjanski	Leon	3	3	6	4	4	3	87	50	61	48	86	3	0	10	6	6	4	8,7	5	6,1	4,8	8,6	4,25	62,2
Sokolnicka	Inga	5	6	4	2	4	3	100	74	76	47	29	5	2	6	0	6	4	10	7,4	7,6	4,7	2,9	3,25	55,6
Sciebur	Damian	1	6	5	2	5	5	59	30	96	53	87	1	2	8	0	8	8	5,9	3	9,6	5,3	8,7	4,25	59,5
Polubinski	Jakub	6	2	6	4	4	6	51	98	20	37	54	6	0	10	6	6	10	5,1	9,8	2	3,7	5,4	5	64
Ogrodowczyk	Kacper	7	6	2	6	2	6	75	60	80	86	91	7	2	0	10	0	10	7,5	6	8	8,6	9,1	4	68,2
Makarski	Lukasz	5	3	2	6	2	2	28	28	14	52	35	5	0	0	10	0	0	2,8	2,8	1,4	5,2	3,5	3	30,7
Freitag	Pawel	8	3	5	5	5	6	63	66	71	11	57	8	0	8	8	8	10	6,3	6,6	7,1	1,1	5,7	5,25	68,8
Aftanas	Mariusz	5	5	5	5	2	6	45	94	45	100	98	5	0	8	8	0	10	4,5	9,4	4,5	10	9,8	4,5	69,2
Polonska	Justyna	6	5	4	5	6	3	90	98	10	95	63	6	0	6	8	10	4	9	9,8	1	9,5	6,3	4,5	69,6
Piwowarska	Kaja	7	4	6	5	4	6	3	73	19	42	88	7	0	10	8	6	10	0,3	7,3	1,9	4,2	8,8	5,25	63,5
Pomierska	Justyna	0	2	3	3	5	2	82	61	59	51	71	0	0	4	4	8	0	8,2	6,1	5,9	5,1	7,1	3,25	48,4
Kurowska	Karolina	0	5	6	4	2	6	8	13	38	1	39	0	0	10	6	0	10	0,8	1,3	3,8	0,1	3,9	4,5	35,9
Sulek	Fabian	4	2	4	4	4	3	25	86	7	3	94	4	0	6	6	6	4	2,5	8,6	0,7	0,3	9,4	3,75	47,5
Uszkiewicz	Anna	6	3	3	3	2	3	53	53	15	53	80	6	0	4	4	0	4	5,3	5,3	1,5	5,3	8	2,75	43,4
Wentland	Baniamin	3	3	4	2	6	4	22	48	26	43	10	3	0	6	0	10	6	2,2	4,8	2,6	4,3	1	4	39,9
Zebala	Adam	3	2	4	3	2	5	90	97	7	59	100	3	0	6	4	0	8	9	9,7	0,7	5,9	10	3,5	56,3
Chudzik	Wiktoria	4	2	4	5	4	2	9	47	56	89	55	4	0	6	8	6	0	0,9	4,7	5,6	8,9	5,5	3,75	49,6
Jedrzejewski	Mikolaj	4	2	2	6	4	3	47	8	77	85	10	4	0	0	10	6	4	4,7	0,8	7,7	8,5	1	3,75	46,7
Hajdamowicz	Nina	4	5	4	4	5	3	59	89	32	80	38	4	0	6	6	8	4	5,9	8,9	3,2	8	3,8	4	57,8
Ropel	Jacek	8	5	5	4	6	2	60	31	86	76	64	8	0	8	6	10	0	6	3,1	8,6	7,6	6,4	4,25	63,7
Budzynski	Tadeusz	3	4	3	5	5	5	53	78	73	89	32	3	0	4	8	8	8	5,3	7,8	7,3	8,9	3,2	4,5	63,5
Zbieska	Agata	0	4	2	2	2	6	88	43	91	4	78	0	0	0	0	0	10	8,8	4,3	9,1	0,4	7,8	3	40,4
Skrzynska	Izabela	1	5	4	6	4	2	4	97	75	86	10	1	0	6	10	6	0	0,4	9,7	7,5	8,6	1	4	50,2
Karmazyn	Mira	7	4	3	6	3	2	28	75	15	6	33	7	0	4	10	4	0	2,8	7,5	1,5	0,6	3,3	3,5	40,7
Bienkowska	Karolina	4	2	4	6	5	5	29	92	99	79	8	4	0	6	10	8	8	2,9	9,2	9,9	7,9	0,8	5	66,7
Chabowski	Szymon	2	5	3	2	3	6	59	29	92	96	77	2	0	4	0	4	10	5,9	2,9	9,2	9,6	7,7	3,5	55,3
Krol	Malgorzata	0	6	6	5	4	3	98	79	65	41	48	0	2	10	8	6	4	9,8	7,9	6,5	4,1	4,8	4,5	63,1
Markiewicz	Lila	2	2	6	5	6	3	74	25	78	6	69	2	0	10	8	10	4	7,4	2,5	7,8	0,6	6,9	5	59,2
Dalek	Szymon	3	2	4	5	2	5	12	96	66	17	86	3	0	6	8	0	8	1,2	9,6	6,6	1,7	8,6	4	52,7
Romanowska	Olga	3	5	5	3	2	2	53	89	16	27	62	3	0	8	4	0	0	5,3	8,9	1,6	2,7	6,2	3	39,7
Klos	Michal	4	3	6	4	6	6	90	31	75	1	58	4	0	10	6	10	10	9	3,1	7,5	0,1	5,8	5,5	65,5
Kedzierski	Michal	0	3	3	4	2	4	92	47	27	40	35	0	0	4	6	0	6	9,2	4,7	2,7	4	3,5	3,25	40,1
Irek	Olaf	6	4	3	2	3	5	57	67	51	92	72	6	0	4	0	4	8	5,7	6,7	5,1	9,2	7,2	3,25	55,9
Smal	Franciszek	0	6	3	6	6	4	74	60	83	39	97	0	2	4	10	10	6	7,4	6	8,3	3,9	9,7	4,75	67,3
Muczynski	Kasjan	7	6	2	3	2	3	21	16	9	49	47	7	2	0	4	0	4	2,1	1,6	0,9	4,9	4,7	2,5	31,2
Butajlo	Wojciech	8	3	5	6	2	4	73	70	71	84	81	8	0	8	10	0	6	7,3	7	7,1	8,4	8,1	4,25	69,9
Kass	Milena	2	4	6	4	5	2	44	8	100	54	77	2	0	10	6	8	0	4,4	0,8	10	5,4	7,7	4,25	54,3
Jenda	Mikolaj	6	3	5	4	3	2	78	17	48	42	85	6	0	8	6	4	0	7,8	1,7	4,8	4,2	8,5	3,5	51
Markowski	Kuba	0	3	6	2	5	2	72	53	43	72	52	0	0	10	0	8	0	7,2	5,3	4,3	7,2	5,2	3,75	47,2
M?dry	Krzysztof	7	5	6	2	5	4	15	64	20	59	52	7	0	10	0	8	6	1,5	6,4	2	5,9	5,2	4,25	52
Ostwald	Katarzyna	1	2	3	3	2	6	35	20	46	84	11	1	0	4	4	0	10	3,5	2	4,6	8,4	1,1	3,5	38,6
Begdon	Zuzanna	0	2	2	5	6	2	87	18	93	62	95	0	0	0	8	10	0	8,7	1,8	9,3	6,2	9,5	3,75	53,5
Panfil	Julian	6	2	4	3	3	2	72	79	98	86	31	6	0	6	4	4	0	7,2	7,9	9,8	8,6	3,1	3	56,6
Wnuczynska	Alicja	3	3	3	3	5	4	71	68	38	8	98	3	0	4	4	8	6	7,1	6,8	3,8	0,8	9,8	3,75	53,3
Rychter	Julia	8	2	2	3	4	4	96	47	90	24	96	8	0	0	4	6	6	9,6	4,7	9	2,4	9,6	3,25	59,3
Gasinski	Pawel	3	3	3	3	4	5	18	94	29	50	54	3	0	4	4	6	8	1,8	9,4	2,9	5	5,4	3,75	49,5
Toczek	Antonina	0	5	5	6	2	5	47	34	86	56	39	0	0	8	10	0	8	4,7	3,4	8,6	5,6	3,9	4,5	52,2
Sokolowska	Iga	7	5	5	2	6	6	6	88	24	3	43	7	0	8	0	10	10	0,6	8,8	2,4	0,3	4,3	4,75	51,4
Zawizlak	Agnieszka	8	4	3	6	2	6	87	54	69	96	7	8	0	4	10	0	10	8,7	5,4	6,9	9,6	0,7	4,25	63,3
Golunska	Oliwia	8	3	2	4	6	6	99	51	25	89	73	8	0	0	6	10	10	9,9	5,1	2,5	8,9	7,3	4,5	67,7
Piskor	Kalina	0	4	6	5	2	4	72	33	40	62	19	0	0	10	8	0	6	7,2	3,3	4	6,2	1,9	4,25	46,6
Szumala	Blanka	0	4	2	6	2	5	57	88	53	42	49	0	0	0	10	0	8	5,7	8,8	5,3	4,2	4,9	3,75	46,9
Jakuszewska	Natalia	1	4	2	2	4	2	68	81	24	15	48	1	0	0	0	6	0	6,8	8,1	2,4	1,5	4,8	2,5	30,6
Jezierska	Nadia	6	4	3	2	3	3	43	36	9	88	44	6	0	4	0	4	4	4,3	3,6	0,9	8,8	4,4	2,75	40
Kisiela	Michal	2	6	2	2	3	3	69	17	84	87	56	2	2	0	0	4	4	6,9	1,7	8,4	8,7	5,6	2,5	43,3
Macierzynska	Magdalena	0	6	6	3	2	5	25	23	92	37	40	0	2	10	4	0	8	2,5	2,3	9,2	3,7	4	4	45,7
Sosnowski	Wojciech	8	4	6	4	3	2	12	56	75	76	41	8	0	10	6	4	0	1,2	5,6	7,5	7,6	4,1	3,75	54
Winiarczyk	Amelia	5	2	5	6	2	5	39	77	37	72	32	5	0	8	10	0	8	3,9	7,7	3,7	7,2	3,2	4,5	56,7
Bialkowski	Wiktor	1	3	5	6	2	5	53	25	62	74	81	1	0	8	10	0	8	5,3	2,5	6,2	7,4	8,1	4,5	56,5
Lehmann	Marcel	7	6	3	6	4	2	11	8	29	7	38	7	2	4	10	6	0	1,1	0,8	2,9	0,7	3,8	3,75	38,3
Gnacinski	Patryk	3	4	6	4	6	2	62	31	64	1	25	3	0	10	6	10	0	6,2	3,1	6,4	0,1	2,5	4,5	47,3
Marchewicz	Lucjan	4	4	6	3	2	3	24	33	90	28	23	4	0	10	4	0	4	2,4	3,3	9	2,8	2,3	3,5	41,8
Zurowski	Adam	5	6	5	6	5	4	92	67	92	79	81	5	2	8	10	8	6	9,2	6,7	9,2	7,9	8,1	5	80,1
Morawski	Klaudiusz	5	3	4	2	6	6	21	40	18	81	88	5	0	6	0	10	10	2,1	4	1,8	8,1	8,8	4,5	55,8
Sitarska	Izabella	6	2	3	6	5	4	78	1	9	33	81	6	0	4	10	8	6	7,8	0,1	0,9	3,3	8,1	4,5	54,2
Bianga	Zuzanna	8	2	3	4	5	4	65	19	19	8	20	8	0	4	6	8	6	6,5	1,9	1,9	0,8	2	4	45,1
Jank	Natalia	2	2	2	5	5	4	60	79	51	40	16	2	0	0	8	8	6	6	7,9	5,1	4	1,6	4	48,6
Janukowicz	Natalia	5	2	3	3	6	3	79	21	41	39	74	5	0	4	4	10	4	7,9	2,1	4,1	3,9	7,4	3,75	52,4
Richter	Julia	7	2	6	6	6	5	27	93	10	43	28	7	0	10	10	10	8	2,7	9,3	1	4,3	2,8	5,75	65,1
Zarzeczanski	Adrian	5	4	6	5	4	4	44	95	15	66	82	5	0	10	8	6	6	4,4	9,5	1,5	6,6	8,2	4,75	65,2
Jasik	Natalia	0	6	6	2	4	3	15	15	58	15	87	0	2	10	0	6	4	1,5	1,5	5,8	1,5	8,7	3,75	41
Krawiec	Mateusz	4	6	6	3	6	2	69	78	32	73	93	4	2	10	4	10	0	6,9	7,8	3,2	7,3	9,3	4,25	64,5
Olszowka	Klara	7	3	4	6	3	6	14	42	40	48	35	7	0	6	10	4	10	1,4	4,2	4	4,8	3,5	4,75	54,9
Wieruszewski	Antoni	5	2	5	6	3	3	90	70	84	62	20	5	0	8	10	4	4	9	7	8,4	6,2	2	4,25	63,6
Jarosz	Milosz	1	6	4	3	3	6	79	71	89	26	96	1	2	6	4	4	10	7,9	7,1	8,9	2,6	9,6	4	63,1
Daczkowska	Weronika	5	5	6	3	4	2	45	46	47	70	56	5	0	10	4	6	0	4,5	4,6	4,7	7	5,6	3,75	51,4
Kurowska	Paulina	6	5	6	6	5	3	100	44	54	75	64	6	0	10	10	8	4	10	4,4	5,4	7,5	6,4	5	71,7
Jablonski	Nikodem	5	6	5	2	2	2	74	70	43	43	37	5	2	8	0	0	0	7,4	7	4,3	4,3	3,7	2,75	41,7
Bastian	Witold	8	3	3	4	5	5	78	45	23	91	58	8	0	4	6	8	8	7,8	4,5	2,3	9,1	5,8	4,25	63,5
Lsczynska	Magdalena	4	5	3	6	6	3	23	16	85	82	75	4	0	4	10	10	4	2,3	1,6	8,5	8,2	7,5	4,5	60,1
Szubiga	Dawid	1	2	5	2	6	6	62	89	20	56	80	1	0	8	0	10	10	6,2	8,9	2	5,6	8	4,75	59,7
Winiarski	Antoni	6	6	5	6	2	4	22	29	31	9	56	6	2	8	10	0	6	2,2	2,9	3,1	0,9	5,6	4,25	46,7
Mazurowski	Ksawery	8	3	4	5	2	4	30	10	78	57	67	8	0	6	8	0	6	3	1	7,8	5,7	6,7	3,75	52,2
Olewnik	Klaudia	7	6	4	6	2	2	29	64	39	62	1	7	2	6	10	0	0	2,9	6,4	3,9	6,2	0,1	3,5	44,5
Kruz	Maja	3	2	2	3	5	4	32	80	47	98	30	3	0	0	4	8	6	3,2	8	4,7	9,8	3	3,5	49,7
Rutkowski	Mariusz	3	5	2	3	2	6	81	8	48	7	21	3	0	0	4	0	10	8,1	0,8	4,8	0,7	2,1	3,25	33,5
